# Created by Octave 3.8.2, Fri Apr 24 02:42:31 2015 CEST <remco@localhost.localdomain>
# name: ms
# type: matrix
# rows: 93
# columns: 9
 1.915 1.91 1.86 4.279 1.098 2.052 1.943 2.669 2.957
 1.339 1.28 1.462 1.129 1.812 1.581 2.613 3.5 1.172
 1.271 1.29 1.295 1.287 1.312 6.157 1.491 2.952 1.436
 1.406 1.335 1.232 1.528 1.277 4.29 1.61 4.993 1.444
 3.108 1.442 1.215 1.455 1.007 1.262 1.23 1.474 1.428
 1.519 1.272 1.478 1.207 1 1.491 1.126 1.371 1.182
 2.319 1.163 1.183 1.06 1 1.319 2.067 3.153 1.49
 3.369 1.498 1.605 1.396 1.241 1.688 2.091 1.821 5.274
 1.413 7.593 10.11 2.256 2.312 1.632 2.008 2.364 1.72
 1.933 2.015 2.017 2.379 1.146 1.475 3.189 2.688 1.92
 1.596 1.233 1.407 1.41 1.069 7.035 1.551 2.317 1.386
 1.447 1.158 1.173 1.122 1.156 1.288 1.446 1.764 1.301
 2.299 1.385 1.39 1.556 8.785 1.739 1.727 3.466 4.075
 1.555 5.076 4.835 4.534 1.239 1.428 2.617 1.584 1.757
 1.619 5.683 4.743 7.324 1.305 1.405 1.989 1.463 1.362
 2.114 3.405 3.204 3.464 2.17 2.682 2.589 2.538 2.65
 3.559 1.097 1.179 1.154 1.061 2.046 2.435 2.235 2.607
 1.776 1.576 1.501 1.278 1.175 2.223 1.882 2.29 2.059
 1.396 1.269 1.378 1.525 1.03 1.352 1.52 12.03 1.253
 2.225 1.321 1.463 1.419 1.084 1.65 2.539 3.569 1.616
 1.507 1.531 1.522 1.395 1.518 1.922 1.493 1.886 1.531
 2.02 1.68 1.582 1.844 1.347 2.274 2.265 2.47 2.681
 2.553 1.459 1.487 1.236 1.021 1.767 2.515 2.246 1.246
 6.36 2.268 3.18 1.923 2.632 3.878 5.778 7.23 3.784
 1.813 3.428 2.744 3.654 1.306 1.597 2.126 1.491 2.638
 1.935 1.199 1.252 2.314 1.232 3.187 1.38 2.579 1.714
 1.615 1.555 1.539 1.467 1.048 5.989 1.444 2.537 1.647
 1.283 1.147 1.079 1.119 1.239 2.042 1.305 2.175 1.311
 1.799 1.175 1.073 1.178 1 2.174 1.435 1.724 4.882
 12.19 1.295 1.19 1.196 1.357 1.339 1.877 1.323 1.732
 1.243 1.208 1.286 1.538 1 1.757 1.519 3.643 1.314
 4.34 4.12 5.54 1.496 1.5 1.971 3.979 2.972 2.359
 1.376 2.262 1.988 1.925 1.575 1.34 1.492 1.754 2.032
 1.344 1.872 2.211 1.78 13.65 1.48 1.765 1.456 1.559
 1.357 1.261 1.422 1.372 1.043 2.537 1.894 7.122 1.317
 3.745 1.329 1.403 1.407 1.129 1.701 1.604 2.252 6.624
 1.262 1.416 1.896 1.853 1.169 1.428 2.017 1.646 1.291
 1.775 1.556 1.877 1.531 1.055 1.596 3.067 3.531 1.552
 1.915 1.277 1.331 1.242 1.186 2.687 11.42 1.865 1.453
 1.598 4.491 4.537 3.861 1.738 1.586 2.034 1.568 1.744
 1.309 1.137 1.175 1.13 1.164 1.448 1.337 1.98 2.471
 1.952 1.223 1.215 1.979 1.14 3.638 1.486 1.803 1.952
 1.642 2.345 4.092 3.474 1.075 1.455 2.607 1.955 1.147
 2.503 1.731 1.723 1.879 1.253 2.107 2.672 2.256 2.011
 2.105 1.101 1.266 1.214 1.16 2.383 10.32 1.462 1.311
 1.315 1.222 1.188 1.34 1.243 5.344 1.236 2.29 1.292
 2.102 1.186 1.095 1.023 1.158 2.383 2.917 4.286 1.494
 2.936 3.657 3.144 2.466 2.048 2 3.136 2.512 2.92
 1.545 1.14 1.187 1.164 1.133 2.33 2.236 2.519 1.251
 1.398 1.666 1.909 1.565 1.077 1.833 5.074 1.888 1.459
 1.866 1.406 1.391 1.2 1 1.932 1.75 2.072 1.716
 1.588 1.505 1.603 1.597 1.067 2.426 1.611 2.494 1.571
 4.55 1.267 1.294 1.369 1.115 1.594 1.508 1.517 5.907
 2.545 2.805 2.65 2.697 1.614 6.944 3.161 3.963 3.059
 2.173 1.33 1.195 1.316 1.073 1.677 1.835 2.169 1.798
 1.523 1.863 3.977 3.697 1.036 1.521 5.36 1.808 1.933
 1.525 1.099 1.077 1.241 1.314 2.601 1.522 1.639 1.274
 1.886 1.444 1.554 1.31 1 3.221 2.046 9.233 1.409
 2.359 1.27 1.317 1.217 1.014 2.373 1.468 1.313 8.762
 2.22 1.134 1.104 1.634 1.029 6.431 2.301 1.599 1.706
 1.444 1.211 1.261 1.143 1 2.723 1.362 2.042 1.452
 3.074 2.266 2.234 1.786 1.879 1.746 1.803 2.638 6.406
 1.422 1.787 1.624 1.993 1.018 1.273 1.828 1.516 3.272
 1.711 5.291 6.112 1.724 1.273 1.934 3.216 2.341 1.7
 1.95 1.282 1.32 1.261 1.087 1.417 1.672 1.924 1.551
 2.335 1.939 1.601 1.45 1.169 1.795 2.283 2.16 2.791
 8.015 3.166 3.972 2.493 2.099 3.854 5.94 5.613 8.714
 2.093 1.313 1.558 1.437 1.346 1.711 1.599 5.167 2.461
 1.799 1.349 1.22 1.29 1.211 1.71 1.885 10.4 1.62
 2.55 2.382 2.988 2.811 1.177 1.9 4.02 2.473 2.706
 2.284 1.286 1.355 1.139 1.31 1.545 2.014 2.954 1.572
 1.389 4.389 3.391 4.242 1.119 1.313 1.611 1.405 1.646
 2.908 1.506 1.655 1.383 1.11 1.453 1.884 8.278 2.245
 2.329 1.746 1.744 1.809 1.527 4.531 1.954 3.024 1.976
 2.408 1.157 1.225 1.107 1.068 1.688 1.717 6.91 2.628
 4.999 1.209 1.313 1.219 1.142 1.603 2.842 6.255 2.987
 2.311 2.07 1.057 1.12 1 1.612 1.805 1.387 3.858
 4.342 1.242 1.304 1.237 1.25 1.459 2.262 5.111 2.189
 2.416 1.775 1.824 2.81 1.203 2.459 2.227 1.714 4.755
 1.731 1.551 1.934 1.24 1.062 3.997 1.806 2.985 1.782
 1.824 1.195 1.173 1.417 1 1.35 1.945 1.658 1.372
 1.389 1.193 1.102 1.182 1.125 2.262 1.362 2.267 1.597
 2.958 1.862 3.526 1.619 1 2.735 5.325 4.832 2.218
 9.246 1.1 1.143 1.333 1 1.629 1.182 2.966 1.175
 1.462 2.495 3.889 3.814 1.236 1.525 2.392 1.679 1.452
 1.878 2.488 2.85 3.71 1.11 2.195 5.796 1.599 2.606
 1.825 1.374 1.248 1.368 1.146 2.901 2.363 1.679 2.216
 1.598 2.802 3.69 3.512 1.104 1.361 2.841 1.497 1.393
 1.773 1.831 2.424 1.43 1.16 1.819 1.948 2.743 2.402
 2.047 1.439 1.434 1.265 1.5 1.816 2.345 10.07 1.563
 2.796 1.102 1.149 1.186 1.065 1.727 2.737 1.908 8.702
 2.008 1.405 1.172 1.419 1.377 1.706 1.51 1.936 2.627
 1.436 1.274 1.306 1.236 1.172 2.987 1.431 1.606 1.311


