# Created by Octave 3.8.2, Fri Apr 24 02:39:28 2015 CEST <remconiggebrugge@imac-remco.local>
# name: C_L8_H123_F0_LL_545
# type: cell
# rows: 1
# columns: 6
# name: <cell-element>
# type: cell
# rows: 1
# columns: 1
# name: <cell-element>
# type: matrix
# rows: 123
# columns: 94
 0.207 0.497 -0.0406 0.328 0.0306 0.0255 -0.0974 0.24 0.176 0.218 -0.219 0.555 -0.151 -0.0577 0.454 -0.101 -0.494 -0.0353 -0.0709 0.0692 0.353 0.0424 0.163 -0.113 0.0318 -0.2 -0.101 -0.466 0.103 -0.138 -0.17 -0.337 0.144 0.383 0.231 0.0319 -0.27 -0.213 -0.301 0.281 0.127 0.103 0.468 0.197 -0.0113 -0.156 -0.176 0.0265 -0.289 -0.192 0.412 0.112 0.261 -0.0741 -0.0549 -0.17 0.256 0.0308 0.0057 0.309 0.162 -0.118 -0.372 0.286 0.108 0.0436 0.394 0.444 0.294 -0.247 0.351 0.445 -0.053 0.366 -0.199 0.0665 0.15 -0.0908 0.093 -0.419 -0.031 -0.0504 0.15 0.0266 0.0943 -0.242 -0.353 -0.0931 0.0917 0.0425 0.263 0.265 0.0605 0.101
 -1.91 -0.12 0.0516 0.0863 -0.0843 -0.267 -0.108 -0.101 0.0891 0.295 -0.422 0.676 -0.0796 0.0796 0.622 0.43 -0.157 0.0116 -0.0215 -0.182 -0.15 -0.312 0.288 -0.398 -0.059 0.244 -0.129 -0.0197 -0.111 0.297 0.114 0.208 -0.157 0.0201 0.532 0.0173 -0.278 -0.394 -0.18 -0.24 0.0757 -0.418 0.211 -0.695 0.237 -0.23 0.0177 -0.544 0.00738 0.109 -0.201 -0.138 -0.12 0.489 -0.0794 0.148 -0.141 -0.208 -0.149 -0.0306 0.462 -0.0537 -0.15 -0.0722 -0.0964 0.0916 -0.0751 0.325 0.11 -0.054 -0.536 -0.4 -0.187 -0.141 0.0152 0.438 -0.116 0.451 -0.502 0.203 0.105 0.123 0.126 -0.683 0.0928 -0.261 -0.135 0.354 -0.104 0.159 -0.283 0.139 0.0969 0.161
 1.49 0.0319 0.0607 -0.0629 -0.113 -0.39 -0.0759 -0.0201 -0.186 0.0606 -0.126 -0.459 -0.175 0.14 0.112 -0.00717 -0.0294 -0.297 -0.205 -0.0233 0.16 0.0411 -0.145 -0.159 -0.31 0.135 -0.169 0.176 -0.159 0.21 -0.586 0.3 0.134 -0.103 -0.0865 0.199 0.0283 0.246 -0.00564 -0.00588 -1.22 -0.155 -0.109 -0.236 0.193 -0.0385 0.177 -0.196 -0.144 0.0626 -0.109 -0.0498 -0.26 -0.195 -0.266 0.0881 -0.191 -0.183 -0.201 -0.188 0.07 -0.204 0.0231 -0.164 -0.342 -0.0168 0.0297 0.148 0.0694 0.363 -0.13 -0.113 -0.17 -0.251 -0.338 -0.0896 -0.0938 -0.0484 0.104 -0.0122 -0.223 0.136 -0.0355 0.0418 -0.414 -0.053 0.057 -0.0309 -0.0893 0.153 -0.265 -0.127 -0.0774 0.165
 -0.336 0.47 0.316 0.0564 0.226 0.0912 -0.00518 -0.368 -0.0181 0.216 -0.354 0.293 0.216 0.0382 -0.099 -0.219 0.554 -0.122 0.0846 0.276 -0.509 -0.328 0.462 0.0119 -0.325 -0.0399 -0.191 0.222 -0.00589 -0.0446 0.128 0.0538 -0.0335 -0.229 0.227 0.615 -0.027 0.149 -0.691 -0.326 0.039 -0.417 -0.239 -0.637 -0.0546 -0.15 0.348 -0.139 0.0856 0.0725 0.0607 -0.168 0.0805 -0.575 -0.237 0.346 -0.332 0.351 0.201 -0.298 0.943 0.0744 -0.607 0.166 -0.747 -0.131 -0.382 -0.12 -0.398 -0.00416 -0.0703 0.196 0.236 -0.231 0.116 -0.147 0.22 -0.343 0.243 0.191 -0.181 -0.117 0.0988 -0.141 -0.19 -0.0101 -0.175 -0.0395 0.176 -0.0733 0.00939 -0.0526 0.00631 0.252
 0.844 -0.574 0.0561 0.179 0.203 0.312 0.174 0.417 0.212 0.12 -0.0604 -0.33 -0.34 -0.181 -0.0649 -0.445 -0.221 0.402 -0.247 0.126 -0.224 -0.314 0.051 0.232 0.639 0.302 0.21 -0.356 0.0543 0.109 -0.339 0.129 0.763 -0.0282 -0.212 0.131 -0.445 0.0182 0.45 0.356 -0.0175 0.361 -0.206 0.608 -0.438 -0.0744 -0.144 0.0702 0.33 -0.0374 -0.153 -0.0875 -0.168 0.512 -0.0361 0.0478 -0.0236 -0.293 0.226 -0.0653 -0.502 -0.127 -0.216 -0.111 0.0511 0.155 -0.00615 0.448 -0.164 0.0929 -0.14 0.443 -0.128 -0.00266 0.237 -0.077 0.378 0.172 0.103 0.244 -0.068 0.337 -0.116 0.0488 0.0487 0.402 -0.0257 -0.244 0.138 -0.169 -0.166 -0.213 -0.236 -0.0238
 0.374 -0.144 0.0918 0.145 0.443 -0.0859 -0.12 -0.23 0.0172 0.235 -0.314 -0.382 -0.322 -0.218 -0.186 0.48 0.0272 0.0165 0.0504 0.202 -0.344 -0.0294 -0.409 -0.0744 0.391 0.101 0.368 0.142 -0.164 -0.151 0.466 -0.0187 0.161 -0.112 -0.334 0.166 0.383 0.0492 0.28 -0.0866 -0.136 0.269 -0.36 -0.221 -0.159 0.00455 0.0595 -0.259 -0.278 -0.206 -0.52 0.0451 0.146 0.125 0.382 0.224 0.336 0.204 0.423 0.155 0.349 0.022 -0.112 0.0983 0.726 0.0136 -0.00749 0.382 -0.0868 -0.465 0.156 -0.00451 0.849 -0.356 -0.126 0.401 -0.298 0.0317 0.264 0.372 -0.0774 -0.14 0.133 -0.0942 -0.0559 -0.2 -0.0702 0.191 0.138 0.24 0.0541 0.0498 -0.0852 0.122
 0.369 0.0226 -0.0343 -0.177 0.135 -0.0403 -0.163 -0.341 0.249 0.159 -0.512 -0.312 -0.0825 -0.0309 0.208 -0.077 -0.00785 -0.154 0.426 -0.148 -0.176 0.0445 -0.364 -0.266 0.421 0.0253 -0.177 -0.256 0.0056 -0.23 -0.135 0.066 -0.272 0.22 -0.239 -0.144 0.493 -0.131 -0.00611 0.0372 -0.181 0.0365 -0.086 0.00175 0.255 0.0472 0.257 -0.118 0.0612 0.00734 -0.229 0.0605 -0.0886 -0.0941 0.104 0.128 0.514 0.0585 0.112 -0.145 0.666 -0.0844 0.0111 0.103 -0.0757 0.0714 0.045 0.00101 -0.29 -0.669 0.746 -0.0354 0.823 -0.0186 -0.146 0.105 -0.301 0.0562 0.247 -0.27 0.373 0.0175 0.0162 -0.457 -0.053 0.0316 -0.0313 0.375 0.784 0.106 0.0713 0.11 -0.288 0.0491
 0.305 -0.055 -0.0587 0.241 0.0267 -0.26 0.0287 -0.114 0.183 -0.466 0.526 0.201 -0.159 0.0336 0.325 -0.0567 0.063 -0.182 0.103 -0.213 -0.0414 -0.0327 -0.412 0.0276 -0.0982 -0.0328 0.781 -0.142 0.0546 0.226 -0.00588 0.467 -0.0929 -0.198 -0.572 0.728 0.0457 -0.593 0.184 0.0731 -0.0594 0.148 1.17 0.576 0.248 0.118 -0.198 -0.043 0.315 0.269 0.359 0.000404 0.176 0.124 -0.0529 0.322 0.319 0.586 -0.0866 0.292 0.313 -0.0794 0.0235 -0.0534 0.0704 -0.213 -0.116 -0.0933 -0.112 -0.117 -0.0426 -0.276 -0.139 0.14 0.237 -0.0178 0.102 -0.169 -0.0767 0.084 0.0222 -0.0496 0.0574 -0.119 -0.518 -0.3 0.304 0.334 0.721 -0.212 0.00716 -0.0408 -0.124 0.242
 1.13 0.128 -0.0383 0.122 0.0981 0.176 0.045 -0.00817 0.125 -0.513 0.131 -0.246 0.326 -0.328 -0.12 -0.235 0.138 0.22 -0.191 0.16 0.259 0.125 -0.205 0.131 0.254 0.0338 -0.97 -0.15 -0.265 -0.155 -0.0309 0.126 -0.663 0.201 -0.11 0.121 0.139 -0.0636 -0.211 0.111 -0.574 -0.112 0.13 0.152 -0.321 -0.0405 -0.223 0.155 -0.497 0.0106 0.154 0.19 -0.228 -0.213 0.297 0.0712 -0.118 -0.454 -0.0601 0.243 -0.286 -0.0812 -0.319 0.125 -0.329 0.373 -0.433 -0.178 -0.396 0.159 0.123 -0.238 0.151 0.283 -0.218 -0.253 0.176 -0.237 -0.424 -0.133 -0.0337 -0.112 0.0577 0.0601 -0.123 -0.274 0.0663 -0.432 -0.013 -0.283 -0.328 0.103 0.0999 -0.0677
 0.0694 -0.236 -0.496 0.0767 -0.0447 -0.347 -0.0225 -0.241 -0.315 -0.0901 0.258 -0.0137 -0.153 -0.0543 -0.0639 0.0427 0.597 -0.139 0.122 -0.132 0.349 -0.227 -0.195 -0.2 0.369 0.134 -1.04 -0.44 -0.014 -0.317 0.216 -0.0128 0.443 -0.295 -0.223 0.171 0.194 0.201 -0.0799 0.623 0.268 -0.0887 -0.498 -0.0811 0.193 0.127 0.132 -0.0377 0.238 -0.156 -0.00198 -0.201 -0.0416 -0.0737 -0.123 0.106 -0.0923 -0.0909 0.082 -0.506 0.037 -0.209 0.132 0.568 0.1 0.0616 -0.129 -0.209 -0.132 -0.108 0.188 0.0159 0.0714 -0.193 0.456 -0.608 -0.0241 -0.0863 -0.137 -0.941 0.0368 -0.00782 -0.135 0.468 -0.26 -0.0479 0.47 0.157 -0.259 -0.0449 -0.256 -0.097 -0.367 -0.0135
 1.08 0.339 -0.00629 0.307 -0.188 -0.0817 -0.0582 0.135 -0.0369 -0.113 -0.117 -0.262 -0.00568 0.0494 -0.0492 0.0312 -0.223 -0.609 0.382 0.0715 0.236 0.0302 0.292 0.0533 -0.0696 -0.201 0.0109 0.0238 -0.0122 -0.073 -0.203 0.195 0.76 0.298 0.064 0.0546 0.407 0.157 -0.167 -0.271 -0.085 -0.0205 0.0207 -0.0469 -0.441 -0.216 -0.00606 -0.185 0.341 -0.0948 0.011 -0.283 -0.0464 -0.0725 -0.504 -0.328 -0.457 -0.385 -0.0426 -0.202 -0.235 -0.0883 -0.485 0.0818 -0.0432 0.0465 0.0515 -0.215 -0.177 0.0836 -0.204 0.308 0.479 0.197 -0.111 -0.0851 -0.097 0.0258 0.0263 -0.0918 -0.0791 -0.374 -0.198 -0.151 0.073 0.225 0.247 0.332 0.522 0.0745 0.205 -0.201 -0.0205 0.208
 -0.866 -0.22 -0.0134 -0.228 -0.119 -0.255 -0.346 -0.422 -0.347 0.387 -0.00845 0.107 -0.099 -0.0519 0.161 0.276 0.316 -0.268 -0.509 0.154 0.162 -0.45 -0.0963 0.124 0.332 0.0185 -0.424 -0.0538 -0.0239 0.0138 0.0958 -0.0574 -0.495 0.352 0.0375 -0.248 -0.188 -0.0173 0.272 0.387 0.0176 -0.0289 -0.4 0.813 0.0497 0.183 -0.19 -0.00402 -0.191 -0.0726 0.409 0.12 0.201 -0.331 0.267 0.0305 0.28 -0.308 -0.0121 -0.368 -0.249 -0.145 -0.161 -0.282 -0.0158 -0.00787 -0.119 -0.0784 0.105 -0.00521 0.153 0.0123 -0.018 -0.0981 -0.488 0.0376 0.149 -0.142 -0.202 -0.18 0.0798 -0.0646 0.0964 0.213 -0.00886 -0.0763 0.249 -0.0247 0.468 0.0773 0.0524 -0.282 -0.792 0.0618
